-0.04816165566444397
0.02700110897421837
0.0839647725224495
-0.0576828271150589
-0.033104993402957916
0.01641947217285633
0.02963906154036522
-0.11027339845895767
0.20710405707359314
-0.1511840671300888
0.19836586713790894
0.06267272680997849
-0.22794800996780396
-0.10890845954418182
0.13795486092567444
0.08802527189254761
-0.1110549122095108
-0.10684385895729065
-0.16194981336593628
-0.09327688813209534
-0.02695385366678238
0.018241025507450104
0.06595182418823242
-0.0698901116847992
-0.1903896927833557
-0.3715159595012665
-0.10192421823740005
-0.10743020474910736
0.09543664753437042
-0.08615094423294067
-0.024090847000479698
0.024348508566617966
-0.11911065876483917
-0.09430604428052902
-0.007460770197212696
0.06799217313528061
-0.10285145044326782
-0.03476933389902115
0.2232908457517624
-0.01791517063975334
-0.15231505036354065
-0.01098080724477768
-0.006387781351804733
0.2378818839788437
0.22761619091033936
0.01960119605064392
0.14400909841060638
-0.13242843747138977
0.09946712106466293
-0.29792940616607666
0.13551092147827148
0.0489511638879776
0.026258883997797966
0.1629519909620285
0.0872717946767807
-0.19471319019794464
-0.01753872260451317
0.13955827057361603
-0.16893614828586578
0.12602181732654572
0.1117515116930008
-0.09571962058544159
-0.04955077916383743
0.009015829302370548
0.2371634840965271
0.06816739588975906
-0.12478545308113098
-0.09303247928619385
0.1364288330078125
-0.15414245426654816
0.011560960672795773
0.028741884976625443
-0.13776251673698425
-0.17701485753059387
-0.30496883392333984
0.09114658087491989
0.3556070029735565
0.1521284580230713
-0.15437209606170654
-0.05432812497019768
-0.12466845661401749
0.010094021447002888
0.1019580215215683
0.07025648653507233
-0.029816918075084686
-0.060822948813438416
-0.013955955393612385
0.0911702886223793
0.204075887799263
-0.04808780550956726
-0.0016811831155791879
0.20881222188472748
0.05789675563573837
0.04053279757499695
0.012117738835513592
0.08291105926036835
-0.10542215406894684
-0.008420709520578384
-0.12699048221111298
0.04940676689147949
0.047603413462638855
-0.07736984640359879
0.08835764974355698
0.1189747229218483
-0.175087109208107
0.3025017976760864
-0.010030490346252918
-0.03230488300323486
0.05909573286771774
-0.06018294766545296
-0.0387083999812603
-0.05671842023730278
0.18297302722930908
-0.23844081163406372
0.1760416179895401
0.27763262391090393
0.06067651882767677
0.2051149159669876
-0.00014166906476020813
0.09816963225603104
-0.016182659193873405
0.053815972059965134
-0.20457379519939423
0.039590660482645035
9.617768228054047e-05
0.021394886076450348
0.003110501915216446
0.07036315649747849
