-0.10385840386152267
-0.007619716227054596
0.1263742297887802
-0.03235473483800888
-0.14126601815223694
-0.018453851342201233
0.06435078382492065
-0.022318698465824127
0.16016626358032227
-0.1725194752216339
0.027501391246914864
-0.1158682256937027
-0.30555620789527893
0.04430288448929787
0.021501673385500908
0.20723317563533783
-0.09819132089614868
-0.20198161900043488
-0.190918430685997
-0.12807151675224304
-0.03648395463824272
0.06642645597457886
-0.04929095506668091
0.04196824133396149
-0.1264200061559677
-0.3387068212032318
0.022183332592248917
0.0141786839812994
-0.03110607899725437
-0.037370163947343826
-0.0009647458791732788
0.12564629316329956
-0.16245441138744354
-0.00945647805929184
0.038294464349746704
0.11703682690858841
-0.09749160706996918
-0.13393013179302216
0.17081202566623688
0.04775059595704079
-0.29373204708099365
-0.022564638406038284
0.04779152572154999
0.2780640721321106
0.19366924464702606
0.04958314448595047
-0.019495870918035507
-0.07883728295564651
0.17381010949611664
-0.37650439143180847
-0.04127982258796692
0.15343575179576874
0.02298995479941368
0.0683218389749527
0.025874093174934387
-0.20236040651798248
0.057643938809633255
0.10884351283311844
-0.22321760654449463
-0.013594374991953373
0.02697562240064144
-0.18956802785396576
-0.013722015544772148
-0.07709398120641708
0.26010048389434814
0.09455069154500961
-0.1255304515361786
-0.1299048662185669
0.18304555118083954
-0.20155833661556244
-0.021625813096761703
0.04352644085884094
-0.08173687756061554
-0.13610421121120453
-0.2886095643043518
-0.0016499273478984833
0.39083853363990784
0.09223094582557678
-0.11568114161491394
0.03479422628879547
-0.08734993636608124
0.06757475435733795
0.07746289670467377
0.19142811000347137
-0.045107778161764145
-0.06682343035936356
-0.046303365379571915
-0.017846982926130295
0.22532127797603607
-0.07264325022697449
-0.053867802023887634
0.18280863761901855
0.08625603467226028
-0.038695499300956726
-0.012464853003621101
-0.021173588931560516
-0.14921896159648895
0.004700496792793274
-0.12023689597845078
-0.026355493813753128
0.034948427230119705
-0.02132539078593254
0.05745850130915642
0.10283095389604568
-0.20688936114311218
0.22937992215156555
-0.020511755719780922
-0.01643626019358635
0.05845464766025543
-0.038089819252491
-0.06618984788656235
-0.051389750093221664
0.09769205749034882
-0.28484877943992615
0.13620272278785706
0.2186436504125595
0.03484177589416504
0.17969082295894623
0.0541854128241539
0.05438876152038574
0.02783597819507122
0.056628745049238205
-0.17024503648281097
-0.061771210283041
0.10743014514446259
-0.0010566376149654388
0.014233383350074291
0.06078684329986572
