-0.0839628204703331
-0.011247031390666962
0.007973048835992813
-0.0842224732041359
-0.10927386581897736
0.010602024383842945
0.04772092401981354
-0.05858544260263443
0.07806488871574402
-0.12482133507728577
0.1761864423751831
-0.06816882640123367
-0.25440582633018494
-0.041359495371580124
0.08408580720424652
0.1302279531955719
-0.11799842864274979
-0.1445540189743042
-0.1454448252916336
-0.009283548220992088
-0.060635071247816086
0.050605032593011856
0.013145938515663147
0.10735917836427689
-0.19991885125637054
-0.338588148355484
-0.07450450211763382
-0.14300374686717987
0.007121778093278408
-0.05303879827260971
-0.012754839845001698
0.18774208426475525
-0.08875734359025955
0.017632124945521355
0.023642340674996376
0.0569629967212677
-0.07195833325386047
-0.07764912396669388
0.3093791604042053
0.07013306021690369
-0.3010234534740448
-0.01666269265115261
0.003881514072418213
0.32522115111351013
0.25315961241722107
-0.0036803120747208595
0.04389132931828499
-0.027477320283651352
0.1329357773065567
-0.28416043519973755
0.08275991678237915
0.12971366941928864
0.093143530189991
0.02609487995505333
0.0012170085683465004
-0.13257616758346558
0.030777689069509506
0.09040302783250809
-0.2630641758441925
0.0178836639970541
0.05253681167960167
-0.1872379034757614
0.02618464268743992
-0.07132110744714737
0.22721686959266663
0.053473617881536484
-0.14968906342983246
-0.08736661076545715
0.20351240038871765
-0.2019171267747879
-0.05235063657164574
0.08915705978870392
-0.17345045506954193
-0.17880792915821075
-0.3336915671825409
0.05150475353002548
0.3480565845966339
0.14658887684345245
-0.12367240339517593
0.009703673422336578
-0.06571240723133087
-0.08350496739149094
0.0695711225271225
0.17594246566295624
-0.03415385261178017
-0.15558269619941711
-0.030892297625541687
0.019723718985915184
0.2552522122859955
-0.054446976631879807
-0.0326928086578846
0.2163601964712143
0.029382804408669472
-0.05224640667438507
0.009973745793104172
0.04786158725619316
-0.09029844403266907
-0.006528170313686132
-0.04751567542552948
0.09152014553546906
0.0020598098635673523
-0.09954778105020523
0.030910972505807877
0.17211508750915527
-0.21978044509887695
0.2268286794424057
-0.039022646844387054
-0.049712952226400375
0.04764954373240471
-0.0625254437327385
-0.11594896018505096
-0.07804954051971436
0.1639021337032318
-0.2486676126718521
0.08952228724956512
0.17678502202033997
0.07938806712627411
0.12005232274532318
0.07443131506443024
0.05639320984482765
-0.02235465869307518
0.014259935356676579
-0.2963503897190094
-0.040005866438150406
0.1843099594116211
-0.017999805510044098
0.06166547164320946
0.05557809770107269
