-0.1339058130979538
0.11688382923603058
-0.04019014537334442
-0.017364131286740303
-0.11417918652296066
0.012567337602376938
-0.06378665566444397
-0.11990079283714294
0.16045242547988892
-0.17857664823532104
0.21341556310653687
-0.028595788404345512
-0.27524638175964355
-0.014724226668477058
-0.0005930876359343529
0.09695637226104736
-0.14237059652805328
-0.11503545194864273
-0.11473459005355835
-0.04585639014840126
0.03424006327986717
0.08120352774858475
0.029954122379422188
0.07379615306854248
-0.09810230135917664
-0.31339824199676514
-0.10954922437667847
-0.07591119408607483
0.10099104046821594
-0.07292052358388901
-0.08239604532718658
-0.022900810465216637
-0.14749029278755188
-0.11846551299095154
0.038409147411584854
0.03502617031335831
-0.13008379936218262
-0.09688341617584229
0.2248372882604599
0.028698787093162537
-0.12113525718450546
-0.050252802670001984
0.06420960277318954
0.2889077961444855
0.1515778750181198
0.0541997104883194
0.029908929020166397
-0.17898035049438477
0.10071945935487747
-0.2915399670600891
0.12541887164115906
0.18441511690616608
0.1475897878408432
0.13686290383338928
0.09362681210041046
-0.13547173142433167
0.08041024208068848
0.1340288668870926
-0.20273640751838684
0.07481380552053452
0.14917020499706268
0.010574662126600742
-0.010616322979331017
-0.02656274475157261
0.2689691483974457
0.12427657097578049
-0.09459687024354935
-0.13613387942314148
0.17363932728767395
-0.17969819903373718
-0.12989960610866547
0.03589598834514618
-0.07696955651044846
-0.23140908777713776
-0.2889688313007355
0.03545600548386574
0.362771213054657
0.2757086753845215
-0.10958411544561386
0.061380043625831604
-0.0963870957493782
-0.055874407291412354
0.10771182179450989
0.05872483178973198
-0.11050689965486526
-0.09655966609716415
-0.04354173690080643
0.048985231667757034
0.19630220532417297
-0.00033432431519031525
-0.0553911067545414
0.2140110731124878
0.11319033801555634
-0.007597313262522221
0.11406069248914719
0.055455271154642105
-0.11415797472000122
-0.05763152241706848
-0.15072768926620483
0.02110200934112072
0.005739891901612282
-0.054397761821746826
0.02924508973956108
0.11776791512966156
-0.1589452624320984
0.21250413358211517
0.0020631260704249144
-0.07228271663188934
0.025103095918893814
-0.0330718457698822
-0.15627384185791016
-0.03663002327084541
0.10699384659528732
-0.28068581223487854
0.1828303188085556
0.1100897565484047
0.112481027841568
0.18954429030418396
0.09867532551288605
0.09000733494758606
0.028086144477128983
-0.025294557213783264
-0.18125633895397186
-0.12565113604068756
0.08323879539966583
-0.0007618200033903122
0.047493964433670044
0.055680111050605774
