-0.12011125683784485
0.05774160847067833
0.14790597558021545
-0.06082793325185776
-0.17312762141227722
-0.03361957520246506
-0.015388396568596363
-0.1668880581855774
0.09899172186851501
-0.1237654909491539
0.16106538474559784
-0.03606199845671654
-0.2709232270717621
0.06368853896856308
-0.014499355107545853
0.21283625066280365
-0.13634268939495087
-0.101214200258255
-0.14136922359466553
-0.08013567328453064
-0.05676750838756561
0.0919351726770401
0.008048233576118946
0.014195455238223076
-0.07516306638717651
-0.3125728964805603
-0.016528557986021042
-0.08251097053289413
0.07287898659706116
0.062135837972164154
-0.08308373391628265
0.04747117683291435
-0.1422407478094101
-0.007730960845947266
0.08045575022697449
0.11239974200725555
-0.10143503546714783
-0.10316787660121918
0.24857911467552185
-0.03640003502368927
-0.2690128982067108
-0.008860107511281967
0.0611066035926342
0.08970469981431961
0.23154543340206146
-0.04270608350634575
0.04857331141829491
-0.11415454000234604
0.1092539131641388
-0.2610189616680145
-0.07199137657880783
0.13966231048107147
0.02289929986000061
0.03626127168536186
0.06274745613336563
-0.1918286681175232
-0.04504017531871796
0.1670100837945938
-0.16133692860603333
-0.059266358613967896
0.03643852472305298
-0.16446790099143982
-0.034225136041641235
-0.07078681141138077
0.2027387022972107
0.06998123228549957
-0.13444110751152039
-0.09988725185394287
0.21825529634952545
-0.1288186013698578
-0.029722707346081734
0.03662408888339996
-0.10573480278253555
-0.11072855442762375
-0.24719634652137756
0.016077183187007904
0.47131404280662537
0.07526874542236328
-0.13900645077228546
0.012552523985505104
-0.10300814360380173
-0.05786246433854103
0.04875162988901138
0.05403343215584755
-0.014754779636859894
-0.13335350155830383
-0.04686075821518898
-0.017968134954571724
0.19506455957889557
-0.08864951133728027
0.07977601885795593
0.12508322298526764
-0.0050863223150372505
0.04612687602639198
-0.02465984970331192
0.09208893775939941
-0.19138039648532867
-0.03517070412635803
-0.10537906736135483
-0.04615333303809166
0.010022003203630447
-0.06299972534179688
0.08264920860528946
0.162187397480011
-0.18615446984767914
0.12551511824131012
-0.04568961262702942
-0.075873464345932
0.0496673546731472
-0.013182372786104679
-0.0071012284606695175
-0.04043466970324516
0.15691278874874115
-0.16822193562984467
0.2031499743461609
0.17995652556419373
-0.09621225297451019
0.1441556066274643
0.07336097955703735
0.05495363473892212
-0.0402754582464695
0.028157591819763184
-0.19839133322238922
-0.13375408947467804
0.07615505903959274
-0.028278565034270287
0.03919680789113045
0.01653231680393219
