-0.1395854502916336
-0.0014700870960950851
0.047842539846897125
-0.07100899517536163
-0.12632931768894196
-0.025004733353853226
-0.03175543248653412
-0.07036317884922028
0.12865541875362396
-0.14035114645957947
0.13377244770526886
-0.03502767160534859
-0.20318841934204102
-0.06125321984291077
0.09705042839050293
0.05451533943414688
-0.15236914157867432
-0.18248891830444336
-0.17538635432720184
-0.12591256201267242
0.07177889347076416
0.014516053721308708
-0.061642080545425415
0.07111041247844696
-0.2581692934036255
-0.20254352688789368
-0.10307388007640839
-0.12030001729726791
0.03312298655509949
-0.05573435127735138
0.006515222601592541
0.029395196586847305
-0.1833571195602417
-0.08568458259105682
0.03060302883386612
0.1249498724937439
-0.07116030156612396
-0.05734476447105408
0.20759381353855133
-0.05399508401751518
-0.18491996824741364
0.06737103313207626
0.04568202793598175
0.2289298176765442
0.21409744024276733
0.06969024240970612
-0.00565851666033268
-0.041898153722286224
0.26247990131378174
-0.29219308495521545
0.166296124458313
0.18333162367343903
0.17785778641700745
0.11154899001121521
0.13009539246559143
-0.1471332311630249
0.07920080423355103
0.26479899883270264
-0.21923154592514038
0.15990550816059113
0.08464100956916809
-0.21716420352458954
0.0007198266685009003
-0.07128793746232986
0.1562262773513794
0.09317567199468613
-0.09064020216464996
-0.14779295027256012
0.23679521679878235
-0.1388959288597107
-0.10764534771442413
0.12061065435409546
-0.12804092466831207
-0.16220101714134216
-0.3369957208633423
0.07909240573644638
0.4268413186073303
0.18732541799545288
-0.2001098245382309
0.017569826915860176
-0.03335737809538841
0.0026762019842863083
0.05878138542175293
0.08800767362117767
-0.07014220952987671
-0.12378040701150894
-0.09318853169679642
0.02295847423374653
0.24480609595775604
0.02832692489027977
0.0029674058314412832
0.24863934516906738
0.11345694214105606
-0.016625991091132164
0.0532507598400116
-0.022012580186128616
-0.10430268198251724
-0.09492714703083038
-0.08635859936475754
0.026378335431218147
0.019131137058138847
-0.08951457589864731
-0.01722465083003044
0.10176385194063187
-0.13849954307079315
0.22614188492298126
-0.04032150283455849
0.0016352254897356033
-0.10213690996170044
-0.045924559235572815
-0.08176420629024506
0.012630905956029892
0.1438988596200943
-0.28137531876564026
0.14511458575725555
0.14878752827644348
0.07875630259513855
0.15076228976249695
0.035968538373708725
0.07397221028804779
0.002917512319982052
-0.008567200973629951
-0.2492695152759552
-0.10263578593730927
0.11027234047651291
-0.01520576048642397
0.05760336294770241
0.12456081807613373
