-0.09516047686338425
0.14279597997665405
0.05242937058210373
-0.09285563230514526
-0.14471915364265442
0.007338905241340399
-0.04140806198120117
-0.16166314482688904
0.28426530957221985
-0.14873243868350983
0.13220342993736267
0.06867974251508713
-0.18750624358654022
0.03071965090930462
0.015869121998548508
0.19087472558021545
-0.22141146659851074
-0.16334223747253418
-0.1619052290916443
-0.08086184412240982
-0.05036086216568947
0.06372885406017303
0.033738087862730026
-0.010515277273952961
-0.1781466007232666
-0.32333239912986755
-0.06033746153116226
-0.113357312977314
0.058590397238731384
0.03654588758945465
0.00798461027443409
0.09977272152900696
-0.1101362481713295
0.006286265328526497
0.10090075433254242
0.04493861645460129
-0.10037462413311005
-0.10084878653287888
0.2575838565826416
-0.03264631703495979
-0.2309792935848236
-0.047047629952430725
0.055070772767066956
0.15466710925102234
0.30074477195739746
-0.08737528324127197
0.07828859984874725
-0.15647287666797638
0.16018564999103546
-0.24778933823108673
-0.021007902920246124
0.19514711201190948
0.01328543946146965
0.1622588336467743
0.11440916359424591
-0.11676222831010818
0.021477658301591873
0.1833173632621765
-0.1561826765537262
-0.06707422435283661
0.054576460272073746
-0.12713061273097992
-0.09327317029237747
-0.03474748879671097
0.1442248821258545
0.11539893597364426
-0.10868055373430252
-0.14450234174728394
0.17162759602069855
-0.12736162543296814
-0.08448655158281326
0.0366598516702652
-0.15791405737400055
-0.17819944024085999
-0.24626696109771729
-0.048625648021698
0.42133277654647827
0.1828785091638565
-0.1398809254169464
0.009494680911302567
-0.08421884477138519
-0.049418505281209946
0.016100013628602028
0.04829974099993706
-0.08942855894565582
-0.15320748090744019
-0.0019707209430634975
0.05167046934366226
0.23707067966461182
-0.05899272859096527
0.03007960133254528
0.16398072242736816
0.03173580393195152
-0.04630294442176819
-0.05136987566947937
0.09542180597782135
-0.11292942613363266
-0.024549538269639015
-0.12798060476779938
-0.09162462502717972
0.06561949849128723
0.004384147003293037
0.04224406182765961
0.14704707264900208
-0.2408946007490158
0.21180078387260437
0.007227590307593346
-0.039120420813560486
0.030298080295324326
-0.03922737389802933
0.006075955927371979
-0.002437011105939746
0.18227584660053253
-0.14170847833156586
0.20785759389400482
0.18431149423122406
-0.0625079795718193
0.1818205565214157
0.00851535890251398
0.0618104562163353
-0.06758992373943329
-0.02396533079445362
-0.12950052320957184
-0.11817070096731186
0.04257446154952049
0.06771498918533325
0.01671026460826397
0.0005559599958360195
