-0.14086876809597015
0.048302147537469864
0.12346022576093674
-0.09461721032857895
-0.08393418043851852
-0.08665227890014648
-0.03075246885418892
-0.037288594990968704
0.16452457010746002
-0.11944686621427536
0.10629668831825256
-0.018909048289060593
-0.1521412581205368
-0.036543555557727814
-0.08802229166030884
0.250784307718277
-0.0933782234787941
-0.18576420843601227
-0.10995404422283173
-0.055546775460243225
-0.03364536538720131
0.09452051669359207
-0.05796124413609505
0.0990040972828865
-0.09198811650276184
-0.281019389629364
0.005790058057755232
-0.019566774368286133
-0.12753017246723175
-0.018793819472193718
0.06746888160705566
0.1905955672264099
-0.17462888360023499
-0.010110080242156982
0.06990174949169159
0.16282892227172852
-0.10021952539682388
-0.039675138890743256
0.22113484144210815
0.09559579193592072
-0.29882609844207764
-0.041544605046510696
0.09437576681375504
0.3268214166164398
0.18949230015277863
-0.0029755071736872196
-0.0019513890147209167
-0.04695829749107361
0.21535061299800873
-0.3761189579963684
-0.01789350062608719
0.16272284090518951
0.04088951274752617
0.08844831585884094
0.022991765290498734
-0.13332544267177582
0.11240071803331375
0.08142741769552231
-0.2799287438392639
0.0003918074071407318
0.04967088997364044
-0.23174025118350983
-0.10413412749767303
-0.10134240984916687
0.16013792157173157
0.13951320946216583
-0.10453364253044128
-0.1690405011177063
0.2178134322166443
-0.2061854898929596
-0.03518015891313553
0.1479816734790802
-0.060447923839092255
-0.1965850442647934
-0.27392736077308655
0.013225414790213108
0.3324236571788788
0.16788999736309052
-0.05279143527150154
0.06345199048519135
0.021917330101132393
-0.019638683646917343
-0.027373461052775383
0.16333577036857605
-0.03407061845064163
0.04797041043639183
0.009470568969845772
0.019698698073625565
0.20500916242599487
0.008521533571183681
0.0014468744629994035
0.238048255443573
0.04518812149763107
-0.02543308213353157
-0.018999306485056877
0.007569611072540283
-0.03851836547255516
0.03827527537941933
-0.1467757225036621
0.03504921868443489
0.01120295375585556
-0.04236147180199623
0.06573145091533661
0.028870299458503723
-0.2001507729291916
0.2414664626121521
-0.06407683342695236
0.007713880389928818
-0.03416287526488304
-0.030769439414143562
-0.06453929096460342
-0.006246834062039852
0.1459254026412964
-0.1570041924715042
0.17901964485645294
0.14456044137477875
0.06061098352074623
0.1404000073671341
0.09393983334302902
0.05763028934597969
-0.0018811095505952835
-0.09150227904319763
-0.16203880310058594
-0.0794248878955841
0.09793201088905334
-0.07420220226049423
0.06101352721452713
0.047026198357343674
