-0.13493388891220093
0.06559634953737259
0.08633787930011749
-0.02589852549135685
-0.16845999658107758
0.023617137223482132
-0.024547046050429344
-0.04321884363889694
0.021489810198545456
-0.09973152726888657
0.18602602183818817
-0.0539582185447216
-0.31232455372810364
0.0035550915636122227
0.05062027648091316
0.08591213077306747
-0.05204368382692337
-0.16023200750350952
-0.15099656581878662
-0.07812386006116867
0.04052348434925079
0.022502535954117775
-0.09832536429166794
0.06075339391827583
-0.12133698165416718
-0.2542060613632202
-0.04595714434981346
0.02718418650329113
-0.001972593367099762
-0.1463625729084015
-0.04254743829369545
0.12302715331315994
-0.07378320395946503
0.0035731587558984756
0.039122216403484344
0.1824077069759369
0.00774399284273386
-0.0711006224155426
0.1975470632314682
-0.02560301125049591
-0.2010578215122223
0.029232099652290344
0.04707948490977287
0.29990389943122864
0.19028347730636597
0.006720340810716152
-0.028107164427638054
-0.0019511468708515167
0.16402164101600647
-0.3249642848968506
0.0899118036031723
0.2043161243200302
0.13369886577129364
0.08120584487915039
0.040318068116903305
-0.198866069316864
0.01863609254360199
0.11203364282846451
-0.15324939787387848
0.03655204176902771
0.05780364200472832
-0.21670447289943695
-0.065046526491642
-0.16133823990821838
0.13529737293720245
0.13211818039417267
-0.13381655514240265
-0.14912518858909607
0.1357218623161316
-0.1671408712863922
-0.13060042262077332
0.03869752213358879
-0.1697695106267929
-0.1018318384885788
-0.31573542952537537
0.0845150351524353
0.3525867760181427
0.1384211778640747
-0.2576463520526886
0.015837686136364937
0.02302323468029499
0.024236086755990982
0.05511951819062233
0.0959748923778534
-0.08077608048915863
-0.05684272572398186
-0.10027981549501419
0.03733852878212929
0.20774300396442413
0.00506677757948637
-0.03415675833821297
0.1925681084394455
0.09161609411239624
0.03828614205121994
0.115843266248703
0.07791106402873993
-0.00674869678914547
-0.10486875474452972
-0.12593761086463928
0.07219483703374863
0.04626278579235077
-0.19910851120948792
-0.024013029411435127
0.10986881703138351
-0.18995589017868042
0.2137783020734787
-0.018166368827223778
0.05124787241220474
0.0007469221018254757
-0.023268841207027435
-0.11435457319021225
0.013908411376178265
0.18775345385074615
-0.2776089906692505
0.1381528526544571
0.20357461273670197
0.03128504008054733
0.10607713460922241
0.09358396381139755
0.11256669461727142
0.01135015394538641
0.008891345001757145
-0.1570868343114853
-0.13779419660568237
0.0662204772233963
-0.024292949587106705
-0.025179624557495117
0.09136679768562317
