-0.1740206778049469
0.06657388061285019
0.04615624248981476
-0.05881363898515701
-0.2076096087694168
-0.04268108308315277
-0.09689502418041229
-0.10816650837659836
0.10530127584934235
-0.08981429785490036
0.2500898241996765
-0.08377719670534134
-0.21990153193473816
-0.1012367457151413
-0.08198422193527222
0.17948955297470093
-0.13328899443149567
-0.14621679484844208
-0.00969118531793356
0.003311879001557827
0.04538378119468689
-0.023561447858810425
0.041236262768507004
0.026684006676077843
-0.125108003616333
-0.3947831392288208
-0.0791073590517044
-0.09574685245752335
-0.09480491280555725
-0.09358369559049606
-0.0524151474237442
0.04444342479109764
-0.19682826101779938
-0.03274232894182205
0.01877187378704548
0.09161443263292313
0.01519041694700718
-0.0649990439414978
0.1418376863002777
-0.02147599309682846
-0.28208208084106445
-0.05924985930323601
0.08189158141613007
0.2574842870235443
0.2082468718290329
0.010805236175656319
-0.001515088602900505
-0.11494642496109009
0.12953691184520721
-0.11066603660583496
-0.023868070915341377
0.14607051014900208
0.03940441831946373
-0.04300286993384361
-0.00561766792088747
-0.11309172213077545
0.013735459186136723
0.1104419156908989
-0.12487836927175522
-0.07876262068748474
0.06584682315587997
-0.05657195672392845
-0.08336202055215836
-0.16161292791366577
0.2910718619823456
0.07976110279560089
-0.13390469551086426
-0.18583062291145325
0.17762134969234467
-0.1079050749540329
-0.04566075652837753
0.06863325089216232
-0.23174358904361725
-0.20769459009170532
-0.31781843304634094
-0.024456854909658432
0.3601541817188263
0.06722953170537949
-0.17546269297599792
0.026339789852499962
-0.09337442368268967
0.03842414543032646
0.04890815541148186
0.15835578739643097
0.022914858534932137
0.08466677367687225
-0.1223883405327797
-0.005671771243214607
0.22124412655830383
-0.10465553402900696
-0.010056916624307632
0.17407608032226562
-0.017681565135717392
0.029154926538467407
0.021883942186832428
0.01770203374326229
-0.10460814088582993
0.02976519986987114
-0.17259860038757324
-0.023222103714942932
0.016890306025743484
-0.055510737001895905
-0.00744746346026659
0.13318437337875366
-0.16303177177906036
0.04358507692813873
0.019815942272543907
0.035065121948719025
-0.032197803258895874
-0.06255394965410233
-0.05980207026004791
-0.1055135726928711
0.11733163148164749
-0.21435745060443878
0.17178474366664886
0.1575227528810501
0.10539010167121887
0.13493086397647858
0.12136983126401901
0.053916942328214645
-0.05351666733622551
-0.0070454757660627365
-0.18728452920913696
0.0028253747150301933
0.05374346673488617
-0.050044335424900055
0.07633096724748611
0.00220949063077569
