-0.14631541073322296
0.08480343967676163
0.07260400801897049
-0.03025592304766178
-0.19102908670902252
-0.07597702741622925
-0.021802514791488647
-0.1238722950220108
0.09943416714668274
-0.13266588747501373
0.1555914431810379
-0.1300480216741562
-0.2565416693687439
0.07179846614599228
0.0051630157977342606
0.188313290476799
-0.060402993112802505
-0.17837756872177124
-0.15319006145000458
-0.0594167523086071
-0.004168668761849403
-0.0010040769120678306
-0.02959754504263401
0.12447492778301239
-0.17661724984645844
-0.2528969645500183
-0.0403919517993927
-0.018335720524191856
0.002807954326272011
-0.0774824395775795
-0.05981394648551941
0.05427608639001846
-0.1964530199766159
-0.06193472072482109
0.05226750671863556
0.1721765697002411
-0.09977926313877106
-0.09356611222028732
0.1754578948020935
-0.04793010279536247
-0.31019237637519836
-0.021285343915224075
0.12914156913757324
0.23821976780891418
0.19279888272285461
0.05181081220507622
0.01671518385410309
-0.02488888055086136
0.134561225771904
-0.3900783658027649
-0.0009034108370542526
0.07522048056125641
0.07018046826124191
0.09411070495843887
0.01674715429544449
-0.26397818326950073
0.042084768414497375
0.15075132250785828
-0.19430962204933167
0.027843954041600227
0.09116706252098083
-0.1474582552909851
0.0005359230563044548
-0.017989598214626312
0.28067725896835327
0.1652882844209671
-0.1397159993648529
-0.03834030032157898
0.18804992735385895
-0.21449008584022522
0.034790340811014175
0.07853733003139496
-0.030111609026789665
-0.18734580278396606
-0.27710461616516113
-0.005619870498776436
0.4247877597808838
0.1236744225025177
-0.11011248081922531
0.01238229125738144
-0.03229464590549469
0.0915951058268547
0.02767161652445793
0.049138717353343964
-0.08736979961395264
0.010722353123128414
-0.11631477624177933
0.035038746893405914
0.27097874879837036
-0.061167437583208084
0.08381928503513336
0.25893011689186096
0.07871127873659134
-0.00013286806643009186
0.06420785933732986
0.11886956542730331
-0.1267983317375183
-0.08396775275468826
-0.10539547353982925
0.06851905584335327
0.009243132546544075
-0.11217817664146423
0.05436120927333832
0.07748126983642578
-0.21433408558368683
0.17580991983413696
-0.031195703893899918
0.006930473260581493
-0.0498073510825634
0.02832951210439205
-0.044660259038209915
-0.05781400203704834
0.11202017217874527
-0.2632334530353546
0.13165991008281708
0.18816614151000977
-0.05220302566885948
0.17238615453243256
0.07578661292791367
0.05408591404557228
0.032282061874866486
-0.024808399379253387
-0.11022095382213593
-0.10308195650577545
0.07253319025039673
-0.07607989758253098
0.03335015848278999
0.09312443435192108
