-0.20446006953716278
0.07028520107269287
0.06954405456781387
-0.047270528972148895
-0.11714517325162888
0.01836295798420906
-0.0012128688395023346
-0.004265710711479187
0.13073323667049408
-0.10333196818828583
0.12900112569332123
-0.028624944388866425
-0.299733430147171
0.013134310953319073
-0.019953684881329536
0.11607347428798676
-0.13472996652126312
-0.15480579435825348
-0.16704429686069489
-0.2157978117465973
-0.02159998007118702
0.10286177694797516
-0.03877031430602074
0.0007048500701785088
-0.0822223648428917
-0.28716588020324707
-0.06248699873685837
-0.0871969684958458
0.06218358874320984
-0.17136526107788086
-0.006015824154019356
0.02721462771296501
-0.15614162385463715
-0.08503243327140808
0.017490779981017113
0.0686960220336914
-0.019828006625175476
-0.08312731981277466
0.23213276267051697
-0.009345749393105507
-0.13565248250961304
-0.06259338557720184
0.16001161932945251
0.28570252656936646
0.12158983200788498
0.04544375464320183
-0.01976451650261879
-0.06741610914468765
0.1082027330994606
-0.26399725675582886
0.13698405027389526
0.14954347908496857
0.1515934318304062
0.11902838200330734
0.1103055477142334
-0.18289470672607422
-0.03291577845811844
0.11941389739513397
-0.12433522939682007
0.14024022221565247
0.06735537201166153
-0.13422918319702148
-0.04990115016698837
-0.07528151571750641
0.2141411006450653
0.08334185183048248
-0.08778516203165054
-0.12554115056991577
0.25842419266700745
-0.1280931979417801
-0.08419538289308548
0.07655137032270432
-0.03801934793591499
-0.12595725059509277
-0.2525266408920288
0.10714249312877655
0.34552109241485596
0.13010162115097046
-0.14386947453022003
-0.010044467635452747
-0.065465547144413
-0.11726885288953781
0.0005093123763799667
0.12412714213132858
-0.1309197098016739
-0.03789202868938446
-0.0305028073489666
0.08509178459644318
0.24100899696350098
0.03242577612400055
-0.03934428468346596
0.15608516335487366
0.07958263158798218
-0.028490997850894928
0.058299437165260315
0.10637416690587997
-0.12100690603256226
-0.08677525073289871
-0.15945154428482056
0.0020316792652010918
0.08533397316932678
-0.14093148708343506
-0.040692903101444244
0.11697231978178024
-0.13847008347511292
0.12668178975582123
-0.003034020774066448
-0.12560030817985535
-0.08279682695865631
-0.018212508410215378
-0.05995911359786987
-0.002583079505711794
0.182510644197464
-0.21858316659927368
0.18296325206756592
0.18594270944595337
0.028485458344221115
0.18498100340366364
0.05570688098669052
0.09824547171592712
0.07399775832891464
-0.06880347430706024
-0.14237481355667114
-0.15121713280677795
0.0696917250752449
0.007715802639722824
0.012116536498069763
0.11541082710027695
